76.101	4052844	4347654	3880917		
76.102	3503862	
76.103	3151538	7507959	4433627	7507822	7389524	3512751	
76.104	3810585	3823810	3830319	7607762	4054805
76.201	3829857	3814424	3838197	8925015	
76.202	3820653	3806693	7631671	3816570
76.203	3795180	3809535	3818598	8935821	
76.204	7492872	1713091	7689648	4496935	4052287	
76.301	8455796	8935180	1904558	3787487	4475623	8943396	7482284	3814465
76.303	4497413	4471484	8312370	4498805	
76.401	3152388	8330310	7457191	8314800	4143167	
76.402	3819203	3783795	3817436	8311170	
76.403	7923823	8323046	1912741	4094075	
76.404	3805993	3826764	3809567	8946667	3841854	3837787	8946715	383965
76.501	8138695	8314656	8327022	1665310	
76.502	783068	780607	
76.503	7455548	1693628	8315501	7693524	6001451	3961856
76.504	3898921	8132026	
76.601	4045321	4471926	4057728	3927021	
76.602	3830325	3833473	3825400	8929717	3819733	3823877		
76.603	3817160	8946669	8934602	3779920	3810416	3949837	3830356	
76.604	8450607	
76.701	3922978	5898338	
76.702	7595547	8309919	7906544	5570986	
76.703	8133042	7460227	
76.704	3829819	3823828	3838383	3821888	68198	70822
76.801	8456197	4437694	7482671	3141287	3858607	4267607	3839608
76.803	7511540	4448423	1715734	7493415	4050222	3153083
76.804	3826779	3817215	3817480	3841871	3837144	
76.901	3805874	3830616	3836692	3825349	7390974	3513378	4011314
76.902	8291858	3840721	3776508	3838358	5945047	6024845	5969734	589410
76.903	1931793	8316069	7686112	8462979	4001047	
76.904	3824070	3807127	3819244	3819817	3808728	3889918	3830605	4052238
76.1001	3827159	3832269	3819559	3823984	3809859	
76.1002	7490400	7704408	4091500	4494120	4270771	
76.1003	7630883	6000312	
76.1004	7513096	7454996	7496061	7486599	4041086	3877447	6968476	
76.1101	8473185	1714819	8365239	8449912	
76.1102	7686494	4493152	4492134	7483885	
76.1103	3843660	3808019	3825340	3846933	
76.1201	7457614	8316194	8459194	1693299	3908693	3881075	4056112
76.1202	3786498	3825327	3817602	3838020	
76.1203	5971804	
76.1204	7703850	1918534	7380256	8155799	
76.1301	7604060	3837286	7630870	3816465	7609109	8927725	1707498	8132305
76.1302	3821636	8316465	4473691	8139722	5569520	4006223
76.1303	3830451	3791645	3827144	3832249	
76.1304	7701281	8313089	8129536	8315079	1857336	
76.1401	3816171	3815910	3837915	3842670	3849846	3899162	3939420	
76.1402	3832241	3821550	8946691	8946484	
76.1403	1842340	3834562	8313845	8316169	4008349	
76.1404	7496696	7917614	8320857	
76.1501	7454078	4430689	7577696	7514700	
76.1502	3819209	3841792	3806715	3830585	
76.1503	7620289	3791659	3816124	3807042	4048204	7488505	3905678	
76.1504	8127930	1683749	8466175	8465852	
76 Ed Gold Summer